10:
1531863
1000:
977808
1010534
1861759
79755
1960212
906984
10000:
523108
10001:
2609496
1474804
831991
267142
220050
1959883
27822
2570808
2417258
264764
143866
766895
2350428
10002:
1213181
308502
2581993
10003:
10004:
1270334
1262711
1903515
2140798
2161335
2099522
1291600
2198877
1936582
84804
1257912
964421
701514
1001:
67976
1025642
624334
239718
143504
584301
437680
2434971
1841130
1926199
805709
545109
74408
529725
1786012
2382523
780049
1894639
1014799
2176030
1381947
386254
224172
404085
1956315
1372601
41031
655047
916708
1924771
1552908
329102
1181907
1762077
773994
25452
321005
1369500
396491
1745676
2204817
2624938
1298591
77828
1047191
2642897
1337506
1802655
126058
940778
1720476
1947287
31062
10010:
52050
650466
1813166
2224061
154626
531384
696688
1088633
59938
1856669
2034703
1060588
1075860
1633365
681503
186927
2113696
1677862
10011:
2646826
10012:
1483604
418164
2491070
1485175
1913770
2560523
2416960
161063
2301550
1275794
10013:
1222878
843201
2271154
1346139
1501028
2201453
225422
222553
295833
10616
512945
844777
2246803
395087
2360499
1153049
1454544
1018789
914602
1321443
2045002
1379641
178089
291407
933118
164480
613439
1312973
1769664
484575
2602717
1320821
1236649
1395812
2056853
770517
10019:
1126085
487154
261890
204512
943653
1725053
1967016
2042897
467597
475394
610785
1191387
289045
1466477
1970876
1259566
2535358
1041111
67095
1989902
1772740
2356037
884657
1367415
1137339
658929
518974
1568346
1207852
719156
1151159
1882122
306688
2455675
1750548
2145783
389917
505579
814902
245527
459444
1591721
1214125
398395
1933736
1274113
1994982
258371
1703266
2250647
2085688
2391227
1116868
2157768
1306541

1002:
1685301
2030264
1419286
2520929
1288929
1680156
1858104
988266
156594
1384253
1417842
10020:
1967058
1949297
1562927
2138373
1077653
167248
776126
722639
1252652
251807
1751559
2398282
47787
1064752
2308022
2414321
1854443
2035232
951643
2381070
908968
10021:
1033592
249998
1205724
10022:
268014
2511719
661571
1824779
2104013
1829777
1837559
163607
932638
2106623
2611092
2310492
916375
1591556
2389108
764479
1945345
2308597
2092389
1973874
174668
672519
2568396
2228062
202876
2163080
2422758
1179516
1503954
1967313
2577872
1169517
2269919
1608374
425537
669364
2057570
564258
1744450
1656050
2420503
767061
1200899
1955071
347886
1229916
1825013
523629
58130
1155332
685923
865625
919670
1606382
1637481
2011133
2055639
1766599
2032781
1561126
572440
10028:
1312610
1527666
1606775
1649392
440956
10029:
1141552
1823836
2551226
10031:
2518265
1575474
2203195
1578801
1224756
2157060
1528644
10032:
569745
640080
177766
1949239
709091
2104131
688765
1390809
1268066
470044
1791554
1920755
2488926
1212320
996425
123345
824189
650940
1573281
910244
2222535
2458016
83110
1274574
2214218
677039
1903221
1879733
1563172
1724551
775034
884907
739713
1169824
61009
319516
1819621
10033:
1227591
1810636
1335621
1001590
1401075
2403799
791223
639727
1762834
1381789
334033
10034:
2030429
1845130
1521902
2161
417734
1010725
1261548
2316498
1082992
2541752
1317259
42211
1554836
234405
41897
2536262
1097048
22964
1595703
1995943
2437646
2303816
336016
2224280
2465683
845006
1934299
2021702
2031681
1441351
259822
812240
1994101
1184088
511569
2008955
1371204
33130
1125370
706530
1787860
8129
2026150
1190492
1522922
2598077
1647159
2354598
1008576
2046106
1466613
109154
2525634
1391499
2535303
1394196
857146
195153
52147
2398282
1981250
1585765
87273
1281611
355111
383108
180775
730570
1850833
228544
2344026
1841778
1801097
1197941
2006300
1227437
1109446
1956794
1791704
1914110
264916
578055
782690
2383290
2179884
173760
747219
1782055
1984941
440949
924842
755689
2574257
2345522
220702
730768
1409483
713561
1994152
734075
1396608
1742906
1573284
2570733
2090999
1636781
275039
2332819
730375
218046
915942
875205
1384878
586402
2460085
1493212
1445403
2067671
2186035
25266
1451269
2213786
130601
1643234
1752442
123767
2063882
2178343
1449174
387679
76156
442546
10038:
1144499
1411630
1069925
836219
461985
1148007
10039:
1004:
1970126
1557423
2148643
1520624
1590435
1913414
1535671
2412109
1233953
225310
184574
2598077
1116907
1418549
118064
1000266
348207
849925
350505
2563972
1501401
721577
1809784
1891207

10040:
1207062
2487973
2075263
618643
2588589
1561
433300
1824896
1302047
799952
1628424
42498
214174
592214
821426
1928744
2222492
2289165
1693660
1177074
780937
763194
18335
1207292
1848920
1663166
1073838
1729740
435239
1586124
367549
1504619
1311522
1158233
1786012
1813345
235364
2011360
1219488
1304553
355734
1207654
1554383
1552853
1361045
1349810
1678227
2147040
1993790
1117935
157714
1648860
1785115
1667218
1983122
2113817
826291
392760
277127
224519
1756743
966437
2426972
2410757
415554
1421967
1330313
1588401
559674
2635311
1303129
2429347
2365447
664298
1077278
1849693
1195825
1244852
1489868
1294368
2582290
1681172
428062
602626
7766
2427774
1605305
392602
1546331
571530
658627
1411717
997695
1772203
136341
1255980
1244512
664419
1285139
1124097
2158577
39518
123923
1115357
1055743
759913
2176148
1900271
1648015
1878820
2490806
2450398
1829200
2420556
135158
2602447
2568440
860456
2409399
2482520
2338393
2034961
2421856
2483895
1016514
648196
1464896
3521
2162416
480507
605806
1582589
126913
1462261
1501345
1818803
2162935
1249250
1165360
706887
1931370
2571652
936928
2465115
2063559
1594234
1521559
1302357
1570293
1236841
1645365
278603
1553813
793065
52189
365149
972752
2523359
1625264
1055810
2588945
317437
1819410
1933557
780973
1823605
2522864
582720
2166670
2136527
2498038
1343496
2228961
1743516
569551
2198877
1135675
1808448
1036933
1648727
763919
1486764
2304981
292258
1420468
2162543
429190
1818401
138064
1384977
1882731
823838
96722
533720
1248655
245303
1392109
2206144
2191211
1857745
2036644
348805
1252628
295633
222099
1846238
1891654
1371746
2126325
2088365
473956
2352245
1084427
118538
1756093
2090086
1538823
2287172
1683784
1529511
1149851
1316391
2176281
1968900
22601
1442411
1926334
1298111
2575043
2082092
710030
1070065
2075183
312211
2340041
2426516
2049285
2354891
1582028
2391518
1691088
1992363
739018
1700387
2138553
896747
1965448
2414774
2320873
822956
1869720
19534
601966
2056799
954656
2484300
1221673
1233495
2174615
1152899
1329179
1746493
1504708
2610750
1387120
2126942
427637
1531823
2609002
1860386
1693021
1227734
2583938
1593278
2198713
1665375
350839
748664
2608024
1838411
1472853
2310036
792857
555123
409621
1747641
2508315
1825107
2386027
1229941
1929359
1889550
1270747
587070
886780
632633
1991078
767017
604042
659730
1623969
1522395
2056003
2499841
767701
695747
101137
597245
505651
844638
1633749
2457361
2459146
2165664
2340925
452955
1452581
1247427
2004273
1013608
1501998
1094319
737036
1520122
1703700
2646469
2383161
1552674
1689524
318829
1384467
2138445
545822
1331750
1966789
1139081
1360249
528277
2044027
860927
117293
79447
187518
1185359
2289046
1033612
702625
2029954
723613
247386
2342652
2223771
2159398
323838
1947574
1206394
645655
2357186
1944008
1083261
1241598
770598
2123985
1323857
1391737
2076144
376617
150344
1892620
1438395
616247
879408
75436
1660746
896185
1855318
1749501
1748093
2202995
47541
2093714
2169244
1753788
2019369
909921
792199
2393691
622800
1063941
1055707
2433557
1012788

10043:
852886
2204494
774717
1406050
202667
1728377
2048837
1103080
2314914
2460018
969342
2596709
473246
2196025
13407
2057736
2389901
600986
1538160
2379921
725549
1992993
2511165
1767457
415150
625713
703872
799557
836253
1975605
1567145
99512
627617
2541048
381361
19679
2335827
772801
618428
1186231
669032
944845
202018
2359108
291590
2448971
8061
1170683
1737686
142616
1921572
10044:
2179335
1641999
1084367
414171
2199443
1241337
2118726
817664
595421
1110479
1279567
624343
325889
537600
10045:
10047:
827378
711436
1636386
193212
763359
10051:
1444088
1181854
2640987
1637718
2068042
2263492
42667
2183823
1044758
2528820
1834032
974174
1595090
2096722
526154
1403360
10052:
1205948
1748906
2018103
2597320
10053:
1424098
2346412
1603364
2245155
417525
754005
474325
1518947
921472
512984
2641058
1782074
780136
1569985
2640042
1765813
652469
1712565
1521838
1808452
1111395
1189934
1418575
959717
1731330
2455012
404156
22415
2018196
398215
700467
307168
1897417
884498
502067
1988672
2593690
654696
1615992
1716430
2324556
165745
1544780
1500196
553335
1144699
2399472
210420
793327
1403722
1902516
2406158
1513947
2611526
632767
1640206
1160227
1248774
569435
1211238
286282
2558726
1406311
2385508
1099321
1923690
2464105
135797
1191009
1875322
2328673
1679271
10060:
2487299
1224482
1885736
198094
2473355
1539568
201780
10061:
1547800
2151013
129921
2351046
435536
1435041
72207
42623
324903
2437043
752507
2220920
2175791
2582764
492993
711675
2614221
703594
2038901
2116224
747877
1273677
1232745
2259598
2306379
1541288
880471
2439237
1209609
1692688
1630054
510701
656005
551375
2374914
2344963
1837979
201896
1527380
1075798
723135
2091526
160936
391575
939013
783252
1028975
1406976
2648730
576600
2362194
786197
770031
2103468
1387446
281344
1975589
1699740
1994755
2000674
546402
840306
1378509
848998
1305099
475676
1265308
1690831
1944582
447137
1643042
690106
56515
1649714
177156
2618313
310904
446258
1291484
800563
673306
416453
2294599
1689758
1890583
1748322
1890329
219756
1235827
91829
1302622
1589143
457445
2105045
2248232
2326969
1919294
1542307
1247398
2460414
1339354
1178380
2601942
2582123
1575209
2267054
175935
1202577
914484
458842
1484075
579834
501340
210750
904331
1573062
704521
624813
1777165

10066:
1712360
964645
608114
1943448

10067:
212759
1678519
1025440
2400195
1715415

10068:
1200359
1477194
1861603
1516386
10069:
1555169
562543
1007:
468346
84508
2202141
2383688
10070:
2116105
2126134
10071:
2608100
653321
461910
2509839
347785
199585
968059
2469183
945346
2199353
210214
2409797
1816577
2284829
846392
1283406
10072:
948069
747395
1541854
2436553
152517
968466
852660
2332407
1985518
2563564
2436530
1568641
803093
1110245
809336
2091440
2613974
2227829
184077
2424227
1824701
1056337
342854
1997031
1784778
1543077
2149554
2534017
2247429
1185627
1168032
272211
1563172
1141163
539873
82243
1015971
2446058
339113
1957036
686487
786404
2523066
2036100
265463
2215126
2046509
2256692
612163
1084225
63275
585989
445177
1695902
1322878
2202369
2011431
598595
2424941
10074:
879596
165823
1606342
1152053
1810386
2535562
10075:
10076:
2624371
506736
1429578
2592263
453610
10077:
748800
1265934
454612
1274786
302198
57012
2328544
2340228
98737
2525160
2087800
1666682
618603
1049221
994077
1368715
1555116
1506188
227703
1052469
1348754
2038186
1763857
376221
